ProductKey	StoreKey	StockQty	ReorderLevel
101	1	108	45
102	2	21	60
103	3	137	54
104	4	157	29
105	1	71	25
106	2	79	25
107	3	130	33
108	4	249	29
109	1	137	40
110	2	100	57
111	3	162	24
112	4	79	47
113	1	186	35
114	2	14	35
115	3	22	47
116	4	29	49
117	1	156	58
118	2	14	39
119	3	170	31
120	4	30	20
121	1	181	28
122	2	179	20
123	3	41	51
124	4	243	42
125	1	133	53
126	2	200	36
127	3	42	43
128	4	32	37
129	1	187	27
130	2	197	21
131	3	85	47
132	4	69	53
133	1	16	36
134	2	182	56
135	3	160	24
136	4	127	49
137	1	130	43
138	2	14	51
139	3	219	56
140	4	42	43
141	1	40	36
142	2	197	26
143	3	228	56
144	4	172	27
145	1	58	52
146	2	0	22
147	3	219	20
148	4	62	22
149	1	120	43
150	2	98	29
151	3	45	22
152	4	141	46
153	1	57	40
154	2	63	46
155	3	234	40
156	4	69	24
157	1	146	43
158	2	30	52
159	3	172	23
160	4	45	34
161	1	205	53
162	2	11	45
163	3	17	49
164	4	221	38
165	1	198	39
166	2	83	25
167	3	141	49
168	4	2	43
169	1	51	38
170	2	144	39
171	3	189	59
172	4	62	49
173	1	94	57
174	2	248	51
175	3	197	32
176	4	187	54
177	1	194	35
178	2	38	20
179	3	238	46
180	4	6	34
181	1	138	42
182	2	162	20
183	3	243	41
184	4	0	44
185	1	217	39
186	2	26	33
187	3	135	35
188	4	107	51
189	1	246	23
190	2	248	29
191	3	182	37
192	4	23	22
193	1	235	34
194	2	229	53
195	3	105	43
196	4	117	25
197	1	148	26
198	2	129	28
199	3	163	45
200	4	19	57
101	1	145	23
102	2	111	28
103	3	60	38
104	4	66	40
105	1	237	45
106	2	179	40
107	3	81	48
108	4	69	34
109	1	19	32
110	2	34	57
111	3	27	29
112	4	27	30
113	1	115	49
114	2	80	46
115	3	30	54
116	4	91	33
117	1	115	39
118	2	118	36
119	3	218	27
120	4	23	30
121	1	206	39
122	2	211	58
123	3	10	33
124	4	213	40
125	1	37	25
126	2	182	35
127	3	247	42
128	4	101	52
129	1	12	39
130	2	66	31
131	3	7	45
132	4	218	48
133	1	142	55
134	2	63	26
135	3	118	26
136	4	205	28
137	1	31	20
138	2	15	34
139	3	33	32
140	4	210	45
141	1	95	60
142	2	240	25
143	3	149	57
144	4	66	24
145	1	5	24
146	2	50	48
147	3	207	28
148	4	23	41
149	1	31	22
150	2	241	49
151	3	12	30
152	4	236	56
153	1	110	45
154	2	127	21
155	3	97	47
156	4	44	42
157	1	54	31
158	2	70	37
159	3	114	29
160	4	8	59
161	1	158	59
162	2	62	38
163	3	127	46
164	4	225	55
165	1	122	23
166	2	22	37
167	3	98	28
168	4	107	32
169	1	164	53
170	2	63	60
171	3	205	54
172	4	203	21
173	1	97	42
174	2	122	54
175	3	200	51
176	4	88	56
177	1	128	40
178	2	99	37
179	3	46	21
180	4	81	58
181	1	56	21
182	2	229	37
183	3	14	50
184	4	135	42
185	1	196	57
186	2	59	30
187	3	25	35
188	4	168	35
189	1	68	54
190	2	208	23
191	3	195	34
192	4	147	44
193	1	90	31
194	2	45	35
195	3	151	40
196	4	206	42
197	1	233	57
198	2	7	42
199	3	242	56
200	4	144	29
101	1	144	32
102	2	214	51
103	3	138	39
104	4	44	51
105	1	9	25
106	2	14	34
107	3	154	34
108	4	5	53
109	1	122	20
110	2	84	59
111	3	51	28
112	4	87	31
113	1	235	40
114	2	15	21
115	3	37	57
116	4	180	29
117	1	198	27
118	2	216	53
119	3	220	43
120	4	245	24
121	1	95	45
122	2	150	26
123	3	86	39
124	4	82	28
125	1	249	30
126	2	187	47
127	3	202	60
128	4	245	51
129	1	166	40
130	2	44	55
131	3	177	59
132	4	201	42
133	1	57	57
134	2	208	31
135	3	96	39
136	4	187	38
137	1	32	31
138	2	186	20
139	3	242	56
140	4	100	56
141	1	8	31
142	2	154	40
143	3	235	59
144	4	56	60
145	1	144	26
146	2	239	51
147	3	36	41
148	4	190	24
149	1	60	42
150	2	81	30
151	3	162	25
152	4	210	60
153	1	186	41
154	2	114	20
155	3	67	33
156	4	63	24
157	1	89	36
158	2	201	26
159	3	184	20
160	4	12	44
161	1	112	46
162	2	248	30
163	3	226	46
164	4	126	44
165	1	89	54
166	2	96	26
167	3	212	50
168	4	201	56
169	1	166	34
170	2	41	48
171	3	18	22
172	4	75	21
173	1	81	36
174	2	243	26
175	3	18	41
176	4	43	44
177	1	41	24
178	2	140	25
179	3	86	58
180	4	157	50
181	1	180	21
182	2	110	30
183	3	155	47
184	4	40	23
185	1	25	41
186	2	52	32
187	3	104	55
188	4	184	54
189	1	67	38
190	2	76	35
191	3	24	23
192	4	100	56
193	1	140	51
194	2	39	23
195	3	92	20
196	4	109	25
197	1	75	60
198	2	153	50
199	3	51	26
200	4	6	33
101	1	43	60
102	2	74	25
103	3	121	27
104	4	78	45
105	1	120	51
106	2	229	36
107	3	23	54
108	4	99	31
109	1	94	44
110	2	94	31
111	3	114	22
112	4	67	48
113	1	119	36
114	2	57	37
115	3	144	23
116	4	38	26
117	1	21	42
118	2	206	54
119	3	105	57
120	4	58	55
121	1	15	44
122	2	209	53
123	3	107	54
124	4	175	50
125	1	146	35
126	2	121	39
127	3	20	45
128	4	231	22
129	1	128	56
130	2	230	53
131	3	204	56
132	4	173	59
133	1	37	27
134	2	243	48
135	3	44	30
136	4	248	33
137	1	206	32
138	2	32	22
139	3	108	25
140	4	174	47
141	1	51	60
142	2	37	58
143	3	66	40
144	4	233	24
145	1	22	44
146	2	142	45
147	3	141	40
148	4	219	37
149	1	133	49
150	2	234	20
151	3	201	59
152	4	150	53
153	1	200	46
154	2	28	46
155	3	38	29
156	4	145	57
157	1	149	26
158	2	236	26
159	3	144	26
160	4	201	38
161	1	222	54
162	2	225	42
163	3	224	46
164	4	67	44
165	1	167	51
166	2	146	58
167	3	121	22
168	4	44	37
169	1	103	29
170	2	158	58
171	3	174	45
172	4	9	45
173	1	227	41
174	2	176	35
175	3	12	50
176	4	235	37
177	1	229	43
178	2	5	41
179	3	209	39
180	4	79	37
181	1	215	51
182	2	219	26
183	3	248	34
184	4	34	39
185	1	249	48
186	2	198	40
187	3	68	46
188	4	154	25
189	1	48	48
190	2	54	46
191	3	189	51
192	4	194	53
193	1	222	43
194	2	210	23
195	3	131	30
196	4	16	39
197	1	181	52
198	2	103	28
199	3	199	53
200	4	225	56
